"y" <-
c(0.07018, 0.123918, 0.0235329, -0.00250686, 0.0984706, 0.0591565, 0.00652195, -0.00770413, 0.000309292, 0.0126224, -0.00486885, 0.000820619, -0.0142471, -0.00741978, -0.000899708, 0.10868, 0.0318581, 0.143155, 0.0274747, 0.0745615, -0.0259352, 0.00966862, 0.0415896, 0.004627, 0.00394168, 0.0143621)
"nTotal" <-
26
"muM" <-
0.0304565
"muP" <-
0.000473156
"sigmaLow" <-
4.59725E-05
"sigmaHigh" <-
45.9725
